MAE:3.2181170375645323
MSE:26.210843918483025
EVS:0.9447110004036088
