MAE:3.21812432046342
MSE:26.2108469617783
EVS:0.9447109841291146
