MAE:3.208872841982078
MSE:25.660586314391264
EVS:0.9470843125568953
