MAE:3.208866857155939
MSE:25.66058544520942
EVS:0.9470843143528339
